fid	ID	ELEV
1	0	150
2	1	180
3	2	180
4	3	200
5	4	210
6	5	210
7	6	210
8	7	300
9	8	310
10	9	310
11	10	320
12	11	330
13	12	340
14	13	380
15	14	410
16	15	490
17	16	530
18	17	540
19	18	620
20	19	160
21	20	180
22	21	200
23	22	220
24	23	220
25	24	220
26	25	220
27	26	240
28	27	310
29	28	330
30	29	340
31	30	340
32	31	340
33	32	340
34	33	350
35	34	360
36	35	460
37	36	230
38	37	330
39	38	330
40	39	370
41	40	410
42	41	190
43	42	230
44	43	300
45	44	320
46	45	320
47	46	330
48	47	400
49	48	410
50	49	470
51	50	680
52	51	190
53	52	300
54	53	330
55	54	350
56	55	380
57	56	390
58	57	400
59	58	400
60	59	480
61	60	20
62	61	200
63	62	200
64	63	270
65	64	380
66	65	390
67	66	30
68	67	40
69	68	210
70	69	260
71	70	310
72	71	410
73	72	170
74	73	210
75	74	240
76	75	300
77	76	310
78	77	310
79	78	340
80	79	410
81	80	430
82	81	180
83	82	190
84	83	220
85	84	220
86	85	230
87	86	240
88	87	360
89	88	200
90	89	210
91	90	220
92	91	250
93	92	260
94	93	300
95	94	360
96	95	420
97	96	550
98	97	150
99	98	230
100	99	240
101	100	250
102	101	250
103	102	260
104	103	270
105	104	280
106	105	290
107	106	290
108	107	300
109	108	330
110	109	390
111	110	410
112	111	160
113	112	170
114	113	180
115	114	180
116	115	230
117	116	270
118	117	280
119	118	290
120	119	300
121	120	300
122	121	310
123	122	320
124	123	350
125	124	370
126	125	380
127	126	380
128	127	430
129	128	190
130	129	200
131	130	210
132	131	220
133	132	260
134	133	300
135	134	310
136	135	330
137	136	340
138	137	370
139	138	400
140	139	400
141	140	230
142	141	240
143	142	240
144	143	250
145	144	370
146	145	390
147	146	400
148	147	260
149	148	270
150	149	340
151	150	770
152	151	250
153	152	270
154	153	280
155	154	290
156	155	370
157	156	390
158	157	400
159	158	760
160	159	260
161	160	300
162	161	310
163	162	310
164	163	310
165	164	360
166	165	360
167	166	370
168	167	370
169	168	320
170	169	320
171	170	330
172	171	350
173	172	350
174	173	390
175	174	410
176	175	450
177	176	790
178	177	270
179	178	280
180	179	340
181	180	340
182	181	350
183	182	380
184	183	390
185	184	280
186	185	290
187	186	320
188	187	350
189	188	380
190	189	390
191	190	400
192	191	420
193	192	470
194	193	780
195	194	10
196	195	300
197	196	330
198	197	340
199	198	370
200	199	380
201	200	460
202	201	120
203	202	130
204	203	290
205	204	320
206	205	320
207	206	350
208	207	390
209	208	450
210	209	460
211	210	480
212	211	640
213	212	770
214	213	140
215	214	300
216	215	310
217	216	350
218	217	400
219	218	410
220	219	470
221	220	310
222	221	360
223	222	390
224	223	20
225	224	320
226	225	320
227	226	350
228	227	390
229	228	460
230	229	560
231	230	30
232	231	330
233	232	430
234	233	540
235	234	40
236	235	200
237	236	340
238	237	380
239	238	400
240	239	500
241	240	510
242	241	330
243	242	480
244	243	490
245	244	50
246	245	350
247	246	350
248	247	380
249	248	430
250	249	470
251	250	480
252	251	320
253	252	350
254	253	360
255	254	420
256	255	460
257	256	470
258	257	130
259	258	330
260	259	340
261	260	370
262	261	440
263	262	440
264	263	460
265	264	340
266	265	380
267	266	420
268	267	440
269	268	450
270	269	470
271	270	350
272	271	360
273	272	390
274	273	400
275	274	410
276	275	440
277	276	60
278	277	400
279	278	430
280	279	450
281	280	70
282	281	350
283	282	360
284	283	380
285	284	410
286	285	420
287	286	730
288	287	800
289	288	370
290	289	420
291	290	440
292	291	170
293	292	370
294	293	380
295	294	420
296	295	430
297	296	440
298	297	180
299	298	190
300	299	400
301	300	410
302	301	440
303	302	200
304	303	210
305	304	360
306	305	380
307	306	450
308	307	460
309	308	480
310	309	790
311	310	80
312	311	370
313	312	410
314	313	470
315	314	480
316	315	200
317	316	380
318	317	490
319	318	490
320	319	180
321	320	480
322	321	500
323	322	510
324	323	510
325	324	520
326	325	370
327	326	420
328	327	530
329	328	580
330	329	200
331	330	540
332	331	550
333	332	210
334	333	410
335	334	560
336	335	570
337	336	80
338	337	570
339	338	840
340	339	580
341	340	590
342	341	640
343	342	780
344	343	830
345	344	400
346	345	560
347	346	600
348	347	610
349	348	100
350	349	390
351	350	620
352	351	630
353	352	100
354	353	380
355	354	400
356	355	640
357	356	650
358	357	840
359	358	90
360	359	350
361	360	370
362	361	660
363	362	800
364	363	840
365	364	360
366	365	360
367	366	590
368	367	130
369	368	370
370	369	500
371	370	580
372	371	380
373	372	540
374	373	770
375	374	830
376	375	370
377	376	590
378	377	760
379	378	820
380	379	570
381	380	580
382	381	690
383	382	750
384	383	400
385	384	440
386	385	700
387	386	750
388	387	810
389	388	240
390	389	390
391	390	460
392	391	740
393	392	800
394	393	330
395	394	520
396	395	560
397	396	860
398	397	540
399	398	720
400	399	730
401	400	790
402	401	370
403	402	530
404	403	550
405	404	710
406	405	850
407	406	520
408	407	530
409	408	540
410	409	540
411	410	550
412	411	580
413	412	580
414	413	670
415	414	780
416	415	840
417	416	350
418	417	390
419	418	570
420	419	660
421	420	770
422	421	830
423	422	360
424	423	370
425	424	510
426	425	560
427	426	560
428	427	570
429	428	700
430	429	550
431	430	660
432	431	750
433	432	760
434	433	820
435	434	440
436	435	480
437	436	650
438	437	740
439	438	500
440	439	540
441	440	730
442	441	810
443	442	450
444	443	600
445	444	720
446	445	460
447	446	530
448	447	590
449	448	50
450	449	250
451	450	460
452	451	480
453	452	770
454	453	60
455	454	230
456	455	460
457	456	520
458	457	640
459	458	650
460	459	650
461	460	70
462	461	540
463	462	710
464	463	80
465	464	90
466	465	450
467	466	630
468	467	640
469	468	810
470	469	390
471	470	420
472	471	620
473	472	620
474	473	630
475	474	780
476	475	790
477	476	800
478	477	100
479	478	420
480	479	430
481	480	440
482	481	560
483	482	610
484	483	700
485	484	760
486	485	770
487	486	110
488	487	120
489	488	410
490	489	440
491	490	450
492	491	460
493	492	470
494	493	480
495	494	590
496	495	620
497	496	130
498	497	490
499	498	500
500	499	520
501	500	580
502	501	610
503	502	750
504	503	400
505	504	510
506	505	740
507	506	200
508	507	440
509	508	520
510	509	520
511	510	530
512	511	730
513	512	460
514	513	490
515	514	540
516	515	620
517	516	720
518	517	610
519	518	710
520	519	430
521	520	480
522	521	590
523	522	600
524	523	700
525	524	480
526	525	540
527	526	420
528	527	470
529	528	490
530	529	500
531	530	510
532	531	700
533	532	430
534	533	450
535	534	460
536	535	660
537	536	690
538	537	440
539	538	440
540	539	450
541	540	460
542	541	550
543	542	430
544	543	460
545	544	470
546	545	480
547	546	490
548	547	650
549	548	660
550	549	400
551	550	410
552	551	420
553	552	500
554	553	670
555	554	410
556	555	420
557	556	430
558	557	400
559	558	440
560	559	450
561	560	460
562	561	460
563	562	470
564	563	480
565	564	650
566	565	320
567	566	210
568	567	450
569	568	710
570	569	310
571	570	420
572	571	490
573	572	700
574	573	390
575	574	440
576	575	490
577	576	670
578	577	680
579	578	690
580	579	580
581	580	610
582	581	620
583	582	380
584	583	500
585	584	670
586	585	70
587	586	660
588	587	660
589	588	80
590	589	260
591	590	360
592	591	370
593	592	640
594	593	650
595	594	90
596	595	250
597	596	350
598	597	450
599	598	450
600	599	650
601	600	100
602	601	600
603	602	650
604	603	690
605	604	130
606	605	340
607	606	590
608	607	590
609	608	620
610	609	640
611	610	770
612	611	240
613	612	330
614	613	440
615	614	450
616	615	460
617	616	470
618	617	600
619	618	610
620	619	630
621	620	760
622	621	320
623	622	410
624	623	480
625	624	620
626	625	740
627	626	750
628	627	210
629	628	290
630	629	300
631	630	310
632	631	490
633	632	500
634	633	510
635	634	510
636	635	730
637	636	220
638	637	270
639	638	280
640	639	480
641	640	490
642	641	720
643	642	230
644	643	250
645	644	260
646	645	500
647	646	510
648	647	520
649	648	700
650	649	710
651	650	240
652	651	510
653	652	530
654	653	540
655	654	690
656	655	80
657	656	440
658	657	450
659	658	450
660	659	680
661	660	480
662	661	670
663	662	90
664	663	180
665	664	260
666	665	400
667	666	430
668	667	430
669	668	520
670	669	610
671	670	660
672	671	710
673	672	730
674	673	100
675	674	250
676	675	420
677	676	420
678	677	440
679	678	440
680	679	170
681	680	560
682	681	580
683	682	180
684	683	240
685	684	440
686	685	450
687	686	570
688	687	230
689	688	570
690	689	610
691	690	180
692	691	410
693	692	430
694	693	720
695	694	420
696	695	440
697	696	540
698	697	290
699	698	420
700	699	430
701	700	460
702	701	710
703	702	100
704	703	440
705	704	630
706	705	430
707	706	500
708	707	550
709	708	300
710	709	440
711	710	490
712	711	560
713	712	150
714	713	410
715	714	470
716	715	480
717	716	520
718	717	640
719	718	730
720	719	430
721	720	700
722	721	710
723	722	720
724	723	420
725	724	690
726	725	100
727	726	400
728	727	670
729	728	680
730	729	640
731	730	650
732	731	660
733	732	380
734	733	420
735	734	590
736	735	130
737	736	190
738	737	630
739	738	390
740	739	570
741	740	640
742	741	550
743	742	560
744	743	620
745	744	520
746	745	540
747	746	590
748	747	610
749	748	380
750	749	380
751	750	560
752	751	160
753	752	370
754	753	370
755	754	600
756	755	350
757	756	360
758	757	400
759	758	590
760	759	30
761	760	40
762	761	50
763	762	340
764	763	60
765	764	70
766	765	370
767	766	430
768	767	580
769	768	80
770	769	90
771	770	470
772	771	480
773	772	640
774	773	100
775	774	110
776	775	410
777	776	460
778	777	460
779	778	480
780	779	630
781	780	410
782	781	420
783	782	490
784	783	560
785	784	410
786	785	130
787	786	350
788	787	360
789	788	480
790	789	510
791	790	370
792	791	380
793	792	490
794	793	500
795	794	390
796	795	400
797	796	410
798	797	490
799	798	580
800	799	420
801	800	430
802	801	430
803	802	440
804	803	480
805	804	370
806	805	450
807	806	460
808	807	460
809	808	470
810	809	470
811	810	550
812	811	270
813	812	50
814	813	550
815	814	570
816	815	60
817	816	440
818	817	420
819	818	450
820	819	470
821	820	70
822	821	580
823	822	80
824	823	90
825	824	640
826	825	280
827	826	370
828	827	100
829	828	460
830	829	250
831	830	530
832	831	630
833	832	260
834	833	430
835	834	570
836	835	200
837	836	210
838	837	380
839	838	560
840	839	170
841	840	400
842	841	440
843	842	480
844	843	530
845	844	500
846	845	620
847	846	160
848	847	190
849	848	600
850	849	610
851	850	490
852	851	550
853	852	590
854	853	340
855	854	480
856	855	420
857	856	540
858	857	530
859	858	430
860	859	520
861	860	520
862	861	390
863	862	450
864	863	450
865	864	500
866	865	510
867	866	420
868	867	490
869	868	600
870	869	90
871	870	440
872	871	480
873	872	480
874	873	580
875	874	600
876	875	130
877	876	170
878	877	400
879	878	410
880	879	450
881	880	490
882	881	500
883	882	100
884	883	370
885	884	470
886	885	470
887	886	510
888	887	570
889	888	580
890	889	590
891	890	280
892	891	390
893	892	430
894	893	560
895	894	570
896	895	290
897	896	380
898	897	420
899	898	300
900	899	310
901	900	320
902	901	590
903	902	230
904	903	330
905	904	340
906	905	350
907	906	350
908	907	360
909	908	440
910	909	580
911	910	210
912	911	220
913	912	360
914	913	370
915	914	380
916	915	380
917	916	390
918	917	390
919	918	570
920	919	390
921	920	400
922	921	410
923	922	560
924	923	560
925	924	560
926	925	430
927	926	480
928	927	550
929	928	550
930	929	110
931	930	450
932	931	410
933	932	520
934	933	540
935	934	380
936	935	540
937	936	530
938	937	580
939	938	220
940	939	410
941	940	450
942	941	520
943	942	210
944	943	430
945	944	470
946	945	440
947	946	510
948	947	110
949	948	400
950	949	500
951	950	530
952	951	570
953	952	330
954	953	440
955	954	450
956	955	490
957	956	420
958	957	430
959	958	450
960	959	490
961	960	510
962	961	200
963	962	440
964	963	480
965	964	500
966	965	500
967	966	110
968	967	430
969	968	440
970	969	440
971	970	440
972	971	450
973	972	460
974	973	460
975	974	470
976	975	560
977	976	550
978	977	460
979	978	660
980	979	350
981	980	390
982	981	430
983	982	450
984	983	500
985	984	650
986	985	390
987	986	400
988	987	440
989	988	540
990	989	430
991	990	440
992	991	460
993	992	490
994	993	390
995	994	410
996	995	440
997	996	460
998	997	410
999	998	450
1000	999	460
1001	1000	460
1002	1001	440
1003	1002	450
1004	1003	430
1005	1004	440
1006	1005	430
1007	1006	450
1008	1007	560
1009	1008	480
1010	1009	100
1011	1010	140
1012	1011	150
1013	1012	440
1014	1013	470
1015	1014	410
1016	1015	470
1017	1016	780
1018	1017	790
1019	1018	220
1020	1019	410
1021	1020	420
1022	1021	470
1023	1022	760
1024	1023	770
1025	1024	230
1026	1025	400
1027	1026	730
1028	1027	740
1029	1028	750
1030	1029	110
1031	1030	260
1032	1031	720
1033	1032	240
1034	1033	710
1035	1034	220
1036	1035	660
1037	1036	210
1038	1037	660
1039	1038	420
1040	1039	420
1041	1040	110
1042	1041	150
1043	1042	460
1044	1043	480
1045	1044	360
1046	1045	490
1047	1046	540
1048	1047	440
1049	1048	500
1050	1049	510
1051	1050	530
1052	1051	460
1053	1052	520
1054	1053	530
1055	1054	540
1056	1055	440
1057	1056	490
1058	1057	550
1059	1058	400
1060	1059	340
1061	1060	390
1062	1061	330
1063	1062	380
1064	1063	390
1065	1064	450
1066	1065	510
1067	1066	370
1068	1067	420
1069	1068	400
1070	1069	210
1071	1070	350
1072	1071	410
1073	1072	420
1074	1073	460
1075	1074	340
1076	1075	370
1077	1076	400
1078	1077	540
1079	1078	430
1080	1079	780
1081	1080	110
1082	1081	190
1083	1082	220
1084	1083	300
1085	1084	400
1086	1085	410
1087	1086	310
1088	1087	390
1089	1088	380
1090	1089	360
1091	1090	370
1092	1091	180
1093	1092	400
1094	1093	170
1095	1094	360
1096	1095	170
1097	1096	350
1098	1097	440
1099	1098	540
1100	1099	340
1101	1100	470
1102	1101	470
1103	1102	370
1104	1103	440
1105	1104	450
1106	1105	460
1107	1106	840
1108	1107	470
1109	1108	480
1110	1109	990
1111	1110	490
1112	1111	980
1113	1112	440
1114	1113	480
1115	1114	840
1116	1115	470
1117	1116	830
1118	1117	970
1119	1118	210
1120	1119	340
1121	1120	390
1122	1121	820
1123	1122	960
1124	1123	170
1125	1124	220
1126	1125	230
1127	1126	330
1128	1127	440
1129	1128	670
1130	1129	810
1131	1130	240
1132	1131	250
1133	1132	320
1134	1133	460
1135	1134	800
1136	1135	950
1137	1136	450
1138	1137	430
1139	1138	940
1140	1139	250
1141	1140	390
1142	1141	430
1143	1142	790
1144	1143	930
1145	1144	240
1146	1145	410
1147	1146	780
1148	1147	420
1149	1148	630
1150	1149	640
1151	1150	770
1152	1151	920
1153	1152	230
1154	1153	310
1155	1154	350
1156	1155	380
1157	1156	760
1158	1157	380
1159	1158	750
1160	1159	220
1161	1160	420
1162	1161	140
1163	1162	190
1164	1163	410
1165	1164	410
1166	1165	420
1167	1166	740
1168	1167	920
1169	1168	230
1170	1169	400
1171	1170	420
1172	1171	430
1173	1172	730
1174	1173	910
1175	1174	900
1176	1175	360
1177	1176	720
1178	1177	360
1179	1178	650
1180	1179	230
1181	1180	370
1182	1181	890
1183	1182	330
1184	1183	380
1185	1184	880
1186	1185	310
1187	1186	250
1188	1187	390
1189	1188	300
1190	1189	400
1191	1190	870
1192	1191	250
1193	1192	120
1194	1193	400
1195	1194	550
1196	1195	860
1197	1196	870
1198	1197	370
1199	1198	410
1200	1199	460
1201	1200	570
1202	1201	850
1203	1202	210
1204	1203	350
1205	1204	730
1206	1205	840
1207	1206	720
1208	1207	830
1209	1208	220
1210	1209	330
1211	1210	580
1212	1211	710
1213	1212	370
1214	1213	570
1215	1214	700
1216	1215	230
1217	1216	270
1218	1217	360
1219	1218	690
1220	1219	820
1221	1220	360
1222	1221	370
1223	1222	680
1224	1223	350
1225	1224	460
1226	1225	670
1227	1226	660
1228	1227	120
1229	1228	390
1230	1229	820
1231	1230	650
1232	1231	370
1233	1232	640
1234	1233	420
1235	1234	630
1236	1235	130
1237	1236	620
1238	1237	200
1239	1238	360
1240	1239	360
1241	1240	470
1242	1241	610
1243	1242	360
1244	1243	410
1245	1244	590
1246	1245	660
1247	1246	670
1248	1247	460
1249	1248	580
1250	1249	620
1251	1250	630
1252	1251	640
1253	1252	650
1254	1253	180
1255	1254	230
1256	1255	570
1257	1256	600
1258	1257	610
1259	1258	120
1260	1259	340
1261	1260	360
1262	1261	560
1263	1262	570
1264	1263	400
1265	1264	560
1266	1265	600
1267	1266	610
1268	1267	450
1269	1268	550
1270	1269	600
1271	1270	900
1272	1271	440
1273	1272	490
1274	1273	590
1275	1274	590
1276	1275	250
1277	1276	890
1278	1277	190
1279	1278	240
1280	1279	580
1281	1280	220
1282	1281	200
1283	1282	230
1284	1283	570
1285	1284	160
1286	1285	430
1287	1286	560
1288	1287	880
1289	1288	220
1290	1289	200
1291	1290	210
1292	1291	290
1293	1292	550
1294	1293	540
1295	1294	530
1296	1295	480
1297	1296	950
1298	1297	960
1299	1298	120
1300	1299	290
1301	1300	300
1302	1301	200
1303	1302	280
1304	1303	370
1305	1304	220
1306	1305	420
1307	1306	180
1308	1307	190
1309	1308	520
1310	1309	200
1311	1310	210
1312	1311	230
1313	1312	370
1314	1313	510
1315	1314	660
1316	1315	160
1317	1316	220
1318	1317	230
1319	1318	240
1320	1319	240
1321	1320	250
1322	1321	120
1323	1322	260
1324	1323	270
1325	1324	440
1326	1325	650
1327	1326	950
1328	1327	260
1329	1328	370
1330	1329	450
1331	1330	450
1332	1331	250
1333	1332	330
1334	1333	370
1335	1334	400
1336	1335	370
1337	1336	350
1338	1337	350
1339	1338	360
1340	1339	410
1341	1340	110
1342	1341	350
1343	1342	160
1344	1343	310
1345	1344	360
1346	1345	400
1347	1346	410
1348	1347	300
1349	1348	390
1350	1349	420
1351	1350	500
1352	1351	420
1353	1352	490
1354	1353	120
1355	1354	370
1356	1355	440
1357	1356	480
1358	1357	390
1359	1358	420
1360	1359	460
1361	1360	470
1362	1361	990
1363	1362	360
1364	1363	450
1365	1364	270
1366	1365	680
1367	1366	980
1368	1367	290
1369	1368	420
1370	1369	440
1371	1370	450
1372	1371	670
1373	1372	650
1374	1373	660
1375	1374	970
1376	1375	290
1377	1376	290
1378	1377	360
1379	1378	380
1380	1379	560
1381	1380	570
1382	1381	630
1383	1382	640
1384	1383	140
1385	1384	150
1386	1385	290
1387	1386	320
1388	1387	390
1389	1388	400
1390	1389	410
1391	1390	420
1392	1391	960
1393	1392	120
1394	1393	330
1395	1394	350
1396	1395	360
1397	1396	130
1398	1397	140
1399	1398	140
1400	1399	240
1401	1400	340
1402	1401	490
1403	1402	520
1404	1403	1000
1405	1404	130
1406	1405	150
1407	1406	310
1408	1407	350
1409	1408	140
1410	1409	150
1411	1410	300
1412	1411	620
1413	1412	1000
1414	1413	160
1415	1414	290
1416	1415	330
1417	1416	610
1418	1417	1000
1419	1418	280
1420	1419	350
1421	1420	990
1422	1421	260
1423	1422	270
1424	1423	290
1425	1424	310
1426	1425	340
1427	1426	600
1428	1427	150
1429	1428	250
1430	1429	260
1431	1430	300
1432	1431	370
1433	1432	560
1434	1433	220
1435	1434	230
1436	1435	240
1437	1436	310
1438	1437	570
1439	1438	590
1440	1439	320
1441	1440	980
1442	1441	170
1443	1442	250
1444	1443	430
1445	1444	580
1446	1445	240
1447	1446	310
1448	1447	300
1449	1448	570
1450	1449	170
1451	1450	560
1452	1451	970
1453	1452	130
1454	1453	260
1455	1454	280
1456	1455	550
1457	1456	280
1458	1457	540
1459	1458	230
1460	1459	960
1461	1460	270
1462	1461	170
1463	1462	360
1464	1463	530
1465	1464	950
1466	1465	960
1467	1466	140
1468	1467	510
1469	1468	520
1470	1469	940
1471	1470	500
1472	1471	930
1473	1472	270
1474	1473	920
1475	1474	150
1476	1475	490
1477	1476	250
1478	1477	260
1479	1478	920
1480	1479	140
1481	1480	140
1482	1481	150
1483	1482	250
1484	1483	330
1485	1484	410
1486	1485	480
1487	1486	410
1488	1487	470
1489	1488	520
1490	1489	150
1491	1490	460
1492	1491	170
1493	1492	250
1494	1493	260
1495	1494	450
1496	1495	510
1497	1496	920
1498	1497	180
1499	1498	250
1500	1499	350
1501	1500	910
1502	1501	150
1503	1502	160
1504	1503	240
1505	1504	500
1506	1505	900
1507	1506	180
1508	1507	260
1509	1508	440
1510	1509	180
1511	1510	230
1512	1511	220
1513	1512	430
1514	1513	490
1515	1514	890
1516	1515	180
1517	1516	410
1518	1517	420
1519	1518	890
1520	1519	150
1521	1520	400
1522	1521	890
1523	1522	390
1524	1523	530
1525	1524	520
1526	1525	160
1527	1526	160
1528	1527	380
1529	1528	430
1530	1529	450
1531	1530	880
1532	1531	240
1533	1532	510
1534	1533	150
1535	1534	370
1536	1535	500
1537	1536	360
1538	1537	490
1539	1538	350
1540	1539	870
1541	1540	160
1542	1541	860
1543	1542	170
1544	1543	420
1545	1544	850
1546	1545	170
1547	1546	440
1548	1547	830
1549	1548	840
1550	1549	180
1551	1550	820
1552	1551	180
1553	1552	620
1554	1553	800
1555	1554	810
1556	1555	230
1557	1556	490
1558	1557	790
1559	1558	190
1560	1559	260
1561	1560	480
1562	1561	610
1563	1562	780
1564	1563	210
1565	1564	510
1566	1565	770
1567	1566	600
1568	1567	760
1569	1568	180
1570	1569	750
1571	1570	500
1572	1571	590
1573	1572	180
1574	1573	740
1575	1574	190
1576	1575	460
1577	1576	720
1578	1577	730
1579	1578	450
1580	1579	460
1581	1580	470
1582	1581	700
1583	1582	710
1584	1583	470
1585	1584	480
1586	1585	510
1587	1586	690
1588	1587	420
1589	1588	490
1590	1589	520
1591	1590	530
1592	1591	540
1593	1592	680
1594	1593	670
1595	1594	190
1596	1595	570
1597	1596	660
1598	1597	650
1599	1598	630
1600	1599	640
1601	1600	620
1602	1601	670
1603	1602	560
1604	1603	600
1605	1604	610
1606	1605	650
1607	1606	660
1608	1607	490
1609	1608	590
1610	1609	650
1611	1610	640
1612	1611	180
1613	1612	590
1614	1613	220
1615	1614	380
1616	1615	570
1617	1616	190
1618	1617	330
1619	1618	560
1620	1619	590
1621	1620	230
1622	1621	370
1623	1622	550
1624	1623	590
1625	1624	540
1626	1625	360
1627	1626	520
1628	1627	530
1629	1628	590
1630	1629	510
1631	1630	440
1632	1631	720
1633	1632	710
1634	1633	330
1635	1634	700
1636	1635	690
1637	1636	560
1638	1637	720
1639	1638	190
1640	1639	320
1641	1640	590
1642	1641	310
1643	1642	590
1644	1643	580
1645	1644	590
1646	1645	710
1647	1646	360
1648	1647	200
1649	1648	680
1650	1649	600
1651	1650	650
1652	1651	580
1653	1652	590
1654	1653	600
1655	1654	370
1656	1655	650
1657	1656	660
1658	1657	280
1659	1658	570
1660	1659	710
1661	1660	320
1662	1661	670
1663	1662	200
1664	1663	290
1665	1664	470
1666	1665	570
1667	1666	620
1668	1667	320
1669	1668	490
1670	1669	480
1671	1670	650
1672	1671	320
1673	1672	550
1674	1673	640
1675	1674	300
1676	1675	560
1677	1676	560
1678	1677	570
1679	1678	570
1680	1679	630
1681	1680	320
1682	1681	400
1683	1682	610
1684	1683	710
1685	1684	660
1686	1685	670
1687	1686	200
1688	1687	330
1689	1688	640
1690	1689	650
1691	1690	700
1692	1691	630
1693	1692	640
1694	1693	690
1695	1694	210
1696	1695	470
1697	1696	620
1698	1697	630
1699	1698	480
1700	1699	620
1701	1700	690
1702	1701	490
1703	1702	500
1704	1703	610
1705	1704	510
1706	1705	520
1707	1706	530
1708	1707	540
1709	1708	610
1710	1709	680
1711	1710	350
1712	1711	550
1713	1712	560
1714	1713	570
1715	1714	580
1716	1715	600
1717	1716	480
1718	1717	590
1719	1718	220
1720	1719	440
1721	1720	670
1722	1721	470
1723	1722	480
1724	1723	660
1725	1724	370
1726	1725	480
1727	1726	650
1728	1727	350
1729	1728	640
1730	1729	360
1731	1730	460
1732	1731	580
1733	1732	390
1734	1733	620
1735	1734	630
1736	1735	210
1737	1736	520
1738	1737	620
1739	1738	360
1740	1739	370
1741	1740	610
1742	1741	600
1743	1742	610
1744	1743	680
1745	1744	590
1746	1745	460
1747	1746	460
1748	1747	580
1749	1748	600
1750	1749	670
1751	1750	570
1752	1751	650
1753	1752	660
1754	1753	330
1755	1754	360
1756	1755	380
1757	1756	630
1758	1757	640
1759	1758	470
1760	1759	590
1761	1760	620
1762	1761	220
1763	1762	560
1764	1763	610
1765	1764	380
1766	1765	450
1767	1766	580
1768	1767	550
1769	1768	350
1770	1769	570
1771	1770	220
1772	1771	390
1773	1772	460
1774	1773	540
1775	1774	350
1776	1775	230
1777	1776	370
1778	1777	530
1779	1778	500
1780	1779	750
1781	1780	520
1782	1781	740
1783	1782	770
1784	1783	780
1785	1784	280
1786	1785	510
1787	1786	720
1788	1787	730
1789	1788	760
1790	1789	390
1791	1790	700
1792	1791	710
1793	1792	750
1794	1793	220
1795	1794	240
1796	1795	260
1797	1796	390
1798	1797	690
1799	1798	740
1800	1799	680
1801	1800	400
1802	1801	670
1803	1802	730
1804	1803	460
1805	1804	660
1806	1805	510
1807	1806	650
1808	1807	500
1809	1808	640
1810	1809	720
1811	1810	300
1812	1811	490
1813	1812	510
1814	1813	710
1815	1814	220
1816	1815	460
1817	1816	700
1818	1817	290
1819	1818	380
1820	1819	690
1821	1820	520
1822	1821	680
1823	1822	430
1824	1823	670
1825	1824	350
1826	1825	360
1827	1826	440
1828	1827	640
1829	1828	650
1830	1829	660
1831	1830	220
1832	1831	450
1833	1832	490
1834	1833	340
1835	1834	630
1836	1835	340
1837	1836	340
1838	1837	440
1839	1838	780
1840	1839	230
1841	1840	610
1842	1841	620
1843	1842	600
1844	1843	770
1845	1844	240
1846	1845	330
1847	1846	350
1848	1847	590
1849	1848	760
1850	1849	350
1851	1850	610
1852	1851	750
1853	1852	590
1854	1853	600
1855	1854	480
1856	1855	570
1857	1856	580
1858	1857	550
1859	1858	560
1860	1859	540
1861	1860	240
1862	1861	530
1863	1862	770
1864	1863	540
1865	1864	760
1866	1865	520
1867	1866	750
1868	1867	250
1869	1868	540
1870	1869	740
1871	1870	260
1872	1871	350
1873	1872	350
1874	1873	490
1875	1874	530
1876	1875	540
1877	1876	360
1878	1877	510
1879	1878	660
1880	1879	730
1881	1880	260
1882	1881	530
1883	1882	650
1884	1883	670
1885	1884	680
1886	1885	720
1887	1886	360
1888	1887	690
1889	1888	700
1890	1889	330
1891	1890	350
1892	1891	520
1893	1892	540
1894	1893	300
1895	1894	320
1896	1895	260
1897	1896	650
1898	1897	510
1899	1898	660
1900	1899	720
1901	1900	340
1902	1901	400
1903	1902	640
1904	1903	650
1905	1904	340
1906	1905	410
1907	1906	490
1908	1907	500
1909	1908	630
1910	1909	640
1911	1910	710
1912	1911	290
1913	1912	620
1914	1913	700
1915	1914	470
1916	1915	480
1917	1916	680
1918	1917	690
1919	1918	460
1920	1919	660
1921	1920	670
1922	1921	270
1923	1922	350
1924	1923	410
1925	1924	450
1926	1925	530
1927	1926	350
1928	1927	650
1929	1928	440
1930	1929	500
1931	1930	620
1932	1931	640
1933	1932	430
1934	1933	610
1935	1934	640
1936	1935	700
1937	1936	420
1938	1937	490
1939	1938	580
1940	1939	600
1941	1940	360
1942	1941	590
1943	1942	610
1944	1943	570
1945	1944	580
1946	1945	630
1947	1946	640
1948	1947	710
1949	1948	400
1950	1949	410
1951	1950	390
1952	1951	630
1953	1952	700
1954	1953	370
1955	1954	380
1956	1955	690
1957	1956	360
1958	1957	380
1959	1958	570
1960	1959	680
1961	1960	630
1962	1961	670
1963	1962	350
1964	1963	280
1965	1964	360
1966	1965	670
1967	1966	340
1968	1967	470
1969	1968	660
1970	1969	270
1971	1970	320
1972	1971	570
1973	1972	280
1974	1973	340
1975	1974	340
1976	1975	450
1977	1976	280
1978	1977	660
1979	1978	360
1980	1979	650
1981	1980	590
1982	1981	600
1983	1982	630
1984	1983	640
1985	1984	290
1986	1985	610
1987	1986	290
1988	1987	430
1989	1988	510
1990	1989	640
1991	1990	520
1992	1991	590
1993	1992	630
1994	1993	300
1995	1994	300
1996	1995	440
1997	1996	630
1998	1997	320
1999	1998	340
2000	1999	440
2001	2000	500
2002	2001	510
2003	2002	550
2004	2003	560
2005	2004	390
2006	2005	440
2007	2006	520
2008	2007	530
2009	2008	300
2010	2009	540
2011	2010	550
2012	2011	560
2013	2012	610
2014	2013	610
2015	2014	620
2016	2015	380
2017	2016	560
2018	2017	600
2019	2018	620
2020	2019	680
2021	2020	570
2022	2021	300
2023	2022	450
2024	2023	570
2025	2024	580
2026	2025	580
2027	2026	600
2028	2027	300
2029	2028	420
2030	2029	590
2031	2030	660
2032	2031	690
2033	2032	310
2034	2033	580
2035	2034	320
2036	2035	410
2037	2036	680
2038	2037	310
2039	2038	410
2040	2039	590
2041	2040	640
2042	2041	670
2043	2042	330
2044	2043	440
2045	2044	600
2046	2045	660
2047	2046	340
2048	2047	390
2049	2048	400
2050	2049	610
2051	2050	640
2052	2051	650
2053	2052	430
2054	2053	620
2055	2054	720
2056	2055	350
2057	2056	380
2058	2057	430
2059	2058	640
2060	2059	360
2061	2060	410
2062	2061	430
2063	2062	630
2064	2063	630
2065	2064	380
2066	2065	390
2067	2066	430
2068	2067	640
2069	2068	710
2070	2069	430
2071	2070	620
2072	2071	650
2073	2072	660
2074	2073	670
2075	2074	680
2076	2075	700
2077	2076	360
2078	2077	390
2079	2078	420
2080	2079	610
2081	2080	690
2082	2081	320
2083	2082	370
2084	2083	590
2085	2084	600
2086	2085	410
2087	2086	580
2088	2087	410
2089	2088	420
2090	2089	570
2091	2090	400
2092	2091	410
2093	2092	560
2094	2093	330
2095	2094	390
2096	2095	400
2097	2096	550
2098	2097	530
2099	2098	540
2100	2099	520
2101	2100	430
2102	2101	510
2103	2102	430
2104	2103	450
2105	2104	500
2106	2105	430
2107	2106	360
2108	2107	390
2109	2108	490
2110	2109	490
2111	2110	500
2112	2111	380
2113	2112	420
2114	2113	470
2115	2114	480
2116	2115	460
2117	2116	430
2118	2117	410
2119	2118	330
2120	2119	460
2121	2120	490
2122	2121	370
2123	2122	460
2124	2123	490
2125	2124	340
2126	2125	380
2127	2126	450
2128	2127	350
2129	2128	490
2130	2129	350
2131	2130	390
2132	2131	350
2133	2132	340
2134	2133	610
2135	2134	490
2136	2135	400
2137	2136	340
2138	2137	490
2139	2138	390
2140	2139	340
2141	2140	370
2142	2141	480
2143	2142	610
2144	2143	600
2145	2144	350
2146	2145	360
2147	2146	470
2148	2147	460
2149	2148	620
2150	2149	610
2151	2150	360
2152	2151	360
2153	2152	600
2154	2153	450
2155	2154	440
2156	2155	590
2157	2156	410
2158	2157	580
2159	2158	440
2160	2159	570
2161	2160	430
2162	2161	560
2163	2162	420
2164	2163	550
2165	2164	370
2166	2165	390
2167	2166	400
2168	2167	540
2169	2168	410
2170	2169	530
2171	2170	420
2172	2171	420
2173	2172	510
2174	2173	520
2175	2174	490
2176	2175	500
2177	2176	470
2178	2177	480
2179	2178	490
2180	2179	420
2181	2180	430
2182	2181	440
2183	2182	450
2184	2183	460
2185	2184	380
2186	2185	380
2187	2186	390
2188	2187	390
2189	2188	390
2190	2189	400
2191	2190	400
2192	2191	400
2193	2192	410
2194	2193	410
2195	2194	410
2196	2195	410
2197	2196	410
2198	2197	420
2199	2198	420
2200	2199	430
2201	2200	440
2202	2201	450
2203	2202	460
2204	2203	470
2205	2204	480
2206	2205	490
2207	2206	500
2208	2207	510
